pos/000001.jpg 1 0 0 178 218
pos/000002.jpg 1 0 0 178 218
pos/000003.jpg 1 0 0 178 218
pos/000004.jpg 1 0 0 178 218
pos/000005.jpg 1 0 0 178 218
pos/000006.jpg 1 0 0 178 218
pos/000007.jpg 1 0 0 178 218
pos/000008.jpg 1 0 0 178 218
pos/000009.jpg 1 0 0 178 218
pos/000010.jpg 1 0 0 178 218
pos/000011.jpg 1 0 0 178 218
pos/000012.jpg 1 0 0 178 218
pos/000013.jpg 1 0 0 178 218
pos/000014.jpg 1 0 0 178 218
pos/000015.jpg 1 0 0 178 218
pos/000016.jpg 1 0 0 178 218
pos/000017.jpg 1 0 0 178 218
pos/000018.jpg 1 0 0 178 218
pos/000019.jpg 1 0 0 178 218
pos/000020.jpg 1 0 0 178 218
pos/000021.jpg 1 0 0 178 218
pos/000022.jpg 1 0 0 178 218
pos/000023.jpg 1 0 0 178 218
pos/000024.jpg 1 0 0 178 218
pos/000025.jpg 1 0 0 178 218
pos/000026.jpg 1 0 0 178 218
pos/000027.jpg 1 0 0 178 218
pos/000028.jpg 1 0 0 178 218
pos/000029.jpg 1 0 0 178 218
pos/000030.jpg 1 0 0 178 218
pos/000031.jpg 1 0 0 178 218
pos/000032.jpg 1 0 0 178 218
pos/000033.jpg 1 0 0 178 218
pos/000034.jpg 1 0 0 178 218
pos/000035.jpg 1 0 0 178 218
pos/000036.jpg 1 0 0 178 218
pos/000037.jpg 1 0 0 178 218
pos/000038.jpg 1 0 0 178 218
pos/000039.jpg 1 0 0 178 218
pos/000040.jpg 1 0 0 178 218
pos/000041.jpg 1 0 0 178 218
pos/000042.jpg 1 0 0 178 218
pos/000043.jpg 1 0 0 178 218
pos/000044.jpg 1 0 0 178 218
pos/000045.jpg 1 0 0 178 218
pos/000046.jpg 1 0 0 178 218
pos/000047.jpg 1 0 0 178 218
pos/000048.jpg 1 0 0 178 218
pos/000049.jpg 1 0 0 178 218
pos/000050.jpg 1 0 0 178 218
pos/000051.jpg 1 0 0 178 218
pos/000052.jpg 1 0 0 178 218
pos/000053.jpg 1 0 0 178 218
pos/000054.jpg 1 0 0 178 218
pos/000055.jpg 1 0 0 178 218
pos/000056.jpg 1 0 0 178 218
pos/000057.jpg 1 0 0 178 218
pos/000058.jpg 1 0 0 178 218
pos/000059.jpg 1 0 0 178 218
pos/000060.jpg 1 0 0 178 218
